0.7604177139699957
1.8165791413260848
4.7778454077353665
5.926141376893652
110.33006872633968
37.235044427567196
3.165057436851391
31.47118268511518
19.88664238360414
0.21582632193622997
0.1463385312940784
1.3560767748923315
4.1710558170769385
54.65650733551521
26.207516625283763
1.8555969595905553
10.817257728695242
11.65905955254649
5.8521983892033305
107.59397515796692
36.770446933742406
2.7895521971486192
24.446621981836994
17.527273378734737
2.8028173899888467
24.67967745459215
17.61062104348536
2.1822795971545776
14.961345678743353
13.711667100999428
