5.8957721360093425
109.20216615475721
37.04422885945271
5.8957721360093425
358.5251634631008
37.04422885945271
413.06024599489217
536014.6644105371
2595.334068615092
413.06024599489217
2002521.9000126545
2595.334068615092
3.2264072779046344
32.70304937027773
20.272114803507684
3.2264072779046344
99.60859890639975
20.272114803507684
55.17559772880722
9564.096865572577
346.67850496449284
55.17559772880722
53660.35388162364
346.67850496449284
1.3702988764492983
5.899028249829547
8.609841766950925
1.3702988764492983
60.919468759403316
8.609841766950925
33.65550801456514
3558.4606978384786
211.4637934627805
33.65550801456514
19999.183355277728
211.4637934627805
4.564441855156923
65.45234802125762
28.67923399979751
4.564441855156923
199.9941196915001
28.67923399979751
157.67732852604746
78106.71616010008
990.7158738701901
157.67732852604746
354350.7813792641
990.7158738701901
4.621612313111838
67.10222113671388
29.03844658122456
4.621612313111838
242.52291893150482
29.03844658122456
250.3030027302431
196825.78485671454
1572.7001490975952
250.3030027302431
775067.4004765907
1572.7001490975952
1.929300364195936
11.693635846224991
12.12215170145213
1.929300364195936
72.6316976479721
12.12215170145213
47.50364446530432
7089.306161804503
298.47420094188294
47.50364446530432
35857.300242139914
298.47420094188294
0.6011027732759324
1.135134533117799
3.7768401131522404
0.6011027732759324
3.668608443241875
3.7768401131522404
0.4202728387497064
0.5548971824543074
2.6406521254388107
0.4202728387497064
10.797313047958038
2.6406521254388107
2.693841045759849
22.797845416684563
16.925902478595575
2.693841045759849
69.06280074443445
16.925902478595575
31.608331951892776
3138.723276110179
198.60100690458773
31.608331951892776
19993.388319715952
198.60100690458773
4.836374282731337
73.48347386596556
30.387835833278746
4.836374282731337
301.83174947828945
30.387835833278746
374.49207223318734
440590.50080690987
2353.003085910799
374.49207223318734
1591392.03956209
2353.003085910799
5.0673217394177845
80.6690295379323
31.838921499861527
5.0673217394177845
235.35777371826634
31.838921499861527
187.54085457647165
110494.75263537803
1178.3539419707902
187.54085457647165
498324.2657051444
1178.3539419707902
