5.8957721360093425
109.20216615475721
37.04422885945271
3.2264072779046344
32.70304937027773
20.272114803507684
1.3702988764492983
5.899028249829547
8.609841766950925
4.564441855156923
65.45234802125762
28.67923399979751
4.621612313111838
67.10222113671388
29.03844658122456
1.929300364195936
11.693635846224991
12.12215170145213
0.6011027732759324
1.135134533117799
3.7768401131522404
2.693841045759849
22.797845416684563
16.925902478595575
4.836374282731337
73.48347386596556
30.387835833278746
5.0673217394177845
80.6690295379323
31.838921499861527
