5.8957721360093425
109.20216615475721
37.04422885945271
5.8957721360093425
4263.714367294321
37.04422885945271
37.04422885945271
4311.128718757933
232.75575448551126
37.04422885945271
9373.222297762104
232.75575448551126
32.70304937027773
3359.900161873403
205.47931930329767
32.70304937027773
10885.300674409867
205.47931930329767
1.3702988764492983
5.899028249829547
8.609841766950925
1.3702988764492983
62.587756309464936
8.609841766950925
8.609841766950925
232.88430070667258
54.09723128724718
8.609841766950925
712.6922681489608
54.09723128724718
65.45234802125762
13458.613908781515
411.24923140757073
65.45234802125762
38711.54075733763
411.24923140757073
4.621612313111838
67.10222113671388
29.03844658122456
4.621612313111838
2082.748706233411
29.03844658122456
29.03844658122456
2649.0895082151305
182.45394090246944
29.03844658122456
5650.187471062379
182.45394090246944
11.693635846224991
429.5848958494628
73.4732809365094
11.693635846224991
1749.8240492147033
73.4732809365094
0.6011027732759324
1.135134533117799
3.7768401131522404
0.6011027732759324
6.557490704739243
3.7768401131522404
3.7768401131522404
44.81331513555177
23.730586306524643
3.7768401131522404
153.55305770356625
23.730586306524643
22.797845416684563
1632.8168812920526
143.2430873574639
22.797845416684563
5690.152289929486
143.2430873574639
4.836374282731337
73.48347386596556
30.387835833278746
4.836374282731337
2379.970688029922
30.387835833278746
30.387835833278746
2901.0112682994736
190.93240362464235
30.387835833278746
6769.538456245388
190.93240362464235
80.6690295379323
20443.890086512733
506.8584611371723
80.6690295379323
57025.60692871251
506.8584611371723
