0.7604177139699957
14.213539602739722
4.7778454077353665
5.926141376893652
330.6178481947833
37.235044427567196
3.165057436851391
69.91451458639607
19.88664238360414
0.21582632193622997
1.8897507455976421
1.3560767748923315
4.1710558170769385
220.86174219523656
26.207516625283763
1.8555969595905553
50.99105114805491
11.65905955254649
5.8521983892033305
245.6200174704056
36.770446933742406
2.7895521971486192
104.63508355902022
17.527273378734737
2.8028173899888467
151.68031426784478
17.61062104348536
2.1822795971545776
51.9238338119567
13.711667100999428
