5.8957721360093425
3.7825279528752085
413.06024599489217
358.5251634631008
3.2264072779046344
1.687169814168881
55.17559772880722
99.60859890639975
1.3702988764492983
5.705263068631282
33.65550801456514
60.919468759403316
4.564441855156923
2.409040061860531
157.67732852604746
199.9941196915001
4.621612313111838
3.730174627457956
250.3030027302431
242.52291893150482
1.929300364195936
4.062350246748938
47.50364446530432
72.6316976479721
0.6011027732759324
0.3702405543027316
0.4202728387497064
3.668608443241875
2.693841045759849
1.3864613683519529
31.608331951892776
69.06280074443445
4.836374282731337
5.096276108506571
374.49207223318734
301.83174947828945
5.0673217394177845
2.324818528878991
187.54085457647165
235.35777371826634
